calcPi1 = 1.3333333333333333,
calcPi2 = 1.0, 
calcPi3 = 0.16666666666666666